beta beta_iter P sp_state
5 5 10 0.545181
5 5 20 0.9834930000000001
5 5 30 0.999125
5 10 10 0.494223
5 10 20 0.9828640000000001
5 10 30 0.99951
5 15 10 0.454216
5 15 20 0.981176
5 15 30 0.99927
6 5 10 0.5466219999999999
6 5 20 0.9814660000000001
6 5 30 0.999472
6 10 10 0.488987
6 10 20 0.9812690000000001
6 10 30 0.999086
6 15 10 0.454814
6 15 20 0.977756
6 15 30 0.9995599999999999
7 5 10 0.546083
7 5 20 0.9833529999999999
7 5 30 0.999451
7 10 10 0.479312
7 10 20 0.979088
7 10 30 0.999223
7 15 10 0.446411
7 15 20 0.9810249999999999
7 15 30 0.999375
8 5 10 0.541515
8 5 20 0.9826699999999999
8 5 30 0.999255
8 10 10 0.491243
8 10 20 0.9810890000000001
8 10 30 0.999197
8 15 10 0.447046
8 15 20 0.978109
8 15 30 0.999162
9 5 10 0.546492
9 5 20 0.981232
9 5 30 0.999452
9 10 10 0.490178
9 10 20 0.978495
9 10 30 0.999362
9 15 10 0.45753
9 15 20 0.9789840000000001
9 15 30 0.9991789999999999
