beta beta_iter P sp_state
0 5 10 0.592558
0 5 20 0.9817380000000001
0 5 30 0.999432
0 10 10 0.5831559999999999
0 10 20 0.980921
0 10 30 0.999607
0 15 10 0.5865309999999999
0 15 20 0.9819289999999999
0 15 30 0.9993920000000001
1 5 10 0.734051
1 5 20 0.991639
1 5 30 0.999756
1 10 10 0.760293
1 10 20 0.9936670000000001
1 10 30 0.999835
1 15 10 0.7520209999999999
1 15 20 0.992593
1 15 30 0.9998319999999999
2 5 10 0.679373
2 5 20 0.989914
2 5 30 0.9994270000000001
2 10 10 0.697288
2 10 20 0.9901319999999999
2 10 30 0.999788
2 15 10 0.701428
2 15 20 0.993168
2 15 30 0.9997999999999999
3 5 10 0.603031
3 5 20 0.9850140000000001
3 5 30 0.999572
3 10 10 0.546419
3 10 20 0.985167
3 10 30 0.999254
3 15 10 0.525892
3 15 20 0.987731
3 15 30 0.9990549999999999
4 5 10 0.56872
4 5 20 0.984544
4 5 30 0.999429
4 10 10 0.501156
4 10 20 0.984467
4 10 30 0.999537
4 15 10 0.467442
4 15 20 0.979445
4 15 30 0.998771
5 5 10 0.547678
5 5 20 0.9848060000000001
5 5 30 0.999522
5 10 10 0.493291
5 10 20 0.98168
5 10 30 0.999366
